A: 5.31830708942704604575e-03
B: 9.93360589455780429446e-01
