A: 1.86066949323825613603e-03
B: 6.60819805215744793259e-01
